marks = [[3, 4, 5, 2, 3, 4, 5, 3, 4, 5], [4, 5, 2, 3, 4, 5, 3, 4, 5, 2], [5, 4, 5, 3, 4, 5, 3, 4, 5, 4], [2, 3, 4, 5, 3, 4, 5, 2, 3, 4],
         [4, 5, 3, 4, 5, 2, 3, 4, 5, 2], [3, 4, 5, 2, 3, 4, 2, 3, 4, 5], [2, 3, 4, 5, 3, 4, 5, 2, 3, 4], [4, 5, 3, 4, 5, 2, 3, 4, 5, 2],
         [3, 4, 5, 2, 3, 4, 5, 3, 4, 5], [4, 5, 2, 3, 4, 5, 3, 4, 5, 2], [5, 4, 5, 3, 4, 5, 3, 4, 5, 4], [2, 3, 4, 5, 3, 4, 5, 2, 3, 4],
         [4, 5, 3, 4, 5, 2, 3, 4, 5, 2], [3, 4, 5, 2, 3, 4, 2, 3, 4, 5], [2, 3, 4, 5, 3, 4, 5, 2, 3, 4], [4, 5, 3, 4, 5, 2, 3, 4, 5, 2],
         [3, 4, 5, 2, 3, 4, 5, 3, 4, 5], [4, 5, 2, 3, 4, 5, 3, 4, 5, 2], [5, 4, 5, 3, 4, 5, 3, 4, 5, 4], [2, 3, 4, 5, 3, 4, 5, 2, 3, 4],
         [4, 5, 3, 4, 5, 2, 3, 4, 5, 2], [3, 4, 5, 2, 3, 4, 2, 3, 4, 5], [2, 3, 4, 5, 3, 4, 5, 2, 3, 4], [4, 5, 3, 4, 5, 2, 3, 4, 5, 2],
         [3, 4, 5, 2, 3, 4, 5, 3, 4, 5], [4, 5, 2, 3, 4, 5, 3, 4, 5, 2], [5, 4, 5, 3, 4, 5, 3, 4, 5, 4], [2, 3, 4, 5, 3, 4, 5, 2, 3, 4],
         [4, 5, 3, 4, 5, 2, 3, 4, 5, 2]]

sum_marks = []
for i in range(len(marks)):
    sum_marks.append(sum(marks[
i]))

max_index = sum_marks.index(max(sum_marks))
min_index = sum_marks.index(min(sum_marks))

print("Фамилия ученика с наибольшей суммой оценок: ученик", max_index+1)
print("Фамилия ученика с наименьшей суммой оценок: ученик", min_index+1)
