table = [
    ["Иванов", 4, 5, 4, 3, 5, 4, 4, 5, 3],
    ["Петров", 5, 5, 4, 4, 3, 5, 4, 4, 5],
    ["Сидоров", 4, 4, 4, 4, 4, 4, 4, 4, 4],
    ["Кузнецов", 4, 4, 3, 4, 3, 3, 4, 3, 4],
    ["Новиков", 5, 5, 5, 4, 5, 5, 5, 4, 5],
    ["Морозов", 3, 4, 4, 4, 3, 4, 4, 4, 4],
    ["Волков", 5, 5, 5, 5, 5, 5, 5, 5, 5],
    ["Зайцев", 5, 4, 5, 4, 4, 5, 5, 4, 5],
    ["Алексеев", 4, 3, 4, 3, 4, 4, 4, 4, 4],
    ["Лебедев", 5, 5, 5, 4, 4, 5, 5, 5, 5],
    ["Соколов", 3, 3, 4, 3, 4, 4, 3, 4, 4],
    ["Козлов", 4, 4, 3, 4, 4, 4, 4, 4, 4],
    ["Поляков", 4, 5, 4, 4, 4, 4, 4, 4, 5],
    ["Федоров", 3, 3, 3, 3, 3, 3, 2, 3, 3],
    ["Макаров", 4, 4, 4, 4, 4, 4, 5, 4, 4],
    ["Тихонов", 5, 5, 5, 5, 5, 5, 5, 5, 5],
    ["Григорьев", 4, 4, 4, 4, 4, 4, 4, 4, 4],
    ["Миронов", 3, 3, 3, 3, 3, 3, 3, 3, 3],
    ["Крылов", 5, 5, 4, 5, 5, 5, 5, 5, 5],
    ["Карпов", 3, 3, 3, 3, 3, 3, 3, 3, 4],
]

new_student = ["Новый ученик", 4, 5, 3, 5, 4, 4, 3, 5, 4]

table.insert(4, new_student)

for row in table:
    print(row[0], "-", sum(row[1:]))
